SpineBase,,,SpineMid,,,Neck,,,Head,,,ShoulderLeft,,,ElbowLeft,,,WristLeft,,,HandLeft,,,ShoulderRight,,,ElbowRight,,,WristRight,,,HandRight,,,HipLeft,,,KneeLeft,,,AnkleLeft,,,FootLeft,,,HipRight,,,KneeRight,,,AnkleRight,,,FootRight,,,SpineShoulder,,,HandTipLeft,,,ThumbLeft,,,HandTipRight,,,ThumbRight,,,
X,Y,Z,X,Y,Z,X,Y,Z,X,Y,Z,X,Y,Z,X,Y,Z,X,Y,Z,X,Y,Z,X,Y,Z,X,Y,Z,X,Y,Z,X,Y,Z,X,Y,Z,X,Y,Z,X,Y,Z,X,Y,Z,X,Y,Z,X,Y,Z,X,Y,Z,X,Y,Z,X,Y,Z,X,Y,Z,X,Y,Z,X,Y,Z,X,Y,Z,
-0.05825618,0.3589776,2.814721,0.07996222,0.5607737,2.650377,0.2225582,0.7593136,2.472551,0.3361508,0.8292317,2.430858,0.05188763,0.686012,2.435507,0.02095795,0.3697223,2.474309,0.09751102,0.16929,2.598324,0.1331507,0.1136045,2.651283,0.27518,0.6368666,2.728434,0.3247255,0.4677091,2.875995,0.429252,0.2754132,2.960581,0.4464021,0.2398127,2.992892,-0.1094266,0.3393703,2.701147,-0.198848,-0.02523461,2.915637,-0.2424362,-0.3268391,3.110409,-0.2328144,-0.4289949,3.034638,-0.008767018,0.3659548,2.858676,-0.03881883,-0.006861113,3.033945,-0.08444049,-0.3095293,3.226893,0.007624142,-0.3522122,3.224517,0.1878156,0.7108405,2.519114,0.1659444,0.05045275,2.716799,0.1692169,0.1310286,2.661,0.5191388,0.159381,3.05078,0.443022,0.1834197,3.056125,
-0.08904786,0.3522517,2.79607,0.07887051,0.5553053,2.648966,0.2392167,0.7375385,2.485035,0.3512217,0.8092785,2.44264,0.06530529,0.6661217,2.445073,0.05705707,0.3625334,2.486513,0.1247185,0.1695783,2.599656,0.1844957,0.1064999,2.66502,0.2793364,0.6296426,2.734653,0.331356,0.4552566,2.875987,0.4277039,0.263726,2.970055,0.4523321,0.2154888,3.005131,-0.1337388,0.3382453,2.681087,-0.2035902,-0.05048255,2.923395,-0.2454492,-0.3474618,3.124785,-0.2327895,-0.4290016,3.034591,-0.04111968,0.3571008,2.844017,-0.03920946,-0.007413269,3.035606,-0.0829464,-0.3108403,3.227849,0.01142787,-0.3531935,3.224543,0.1971371,0.6952072,2.525918,0.2274736,0.03937731,2.72583,0.2194933,0.1237965,2.662474,0.511794,0.1458312,3.046587,0.4289459,0.1854431,3.037778,
-0.08811887,0.3524218,2.79657,0.08309163,0.5477363,2.651726,0.2502822,0.7227172,2.495037,0.3613105,0.7930105,2.450778,0.08908083,0.6657042,2.449044,0.08524603,0.413734,2.472506,0.1820802,0.1681688,2.617819,0.2363945,0.09735299,2.688399,0.2843896,0.619935,2.737283,0.340538,0.4061021,2.904081,0.4432007,0.2185272,2.99865,0.4333989,0.2293094,2.994616,-0.1311899,0.3461661,2.675497,-0.2016995,-0.04417088,2.915726,-0.2446383,-0.339214,3.119581,-0.2325751,-0.4273266,3.035463,-0.03831412,0.3499055,2.852883,-0.04133286,-0.008334613,3.035031,-0.08563228,-0.311976,3.226833,0.02822596,-0.3568675,3.216124,0.2090383,0.6793921,2.536114,0.2747286,0.03010703,2.749966,0.2847185,0.1056723,2.699786,0.5090656,0.1446769,3.05764,0.4244855,0.1789896,3.0455,
-0.08233336,0.3500885,2.799754,0.09383831,0.5319344,2.657104,0.2640751,0.7002981,2.502035,0.3736629,0.7725617,2.457447,0.1026939,0.6520947,2.455164,0.1110276,0.4098282,2.472501,0.2174861,0.1661465,2.629574,0.2680089,0.1095379,2.687625,0.3004844,0.5795944,2.765749,0.3376625,0.4016818,2.907079,0.4420808,0.2138561,2.999441,0.4416639,0.1814355,3.007979,-0.1185054,0.3549558,2.700844,-0.2007302,-0.04937978,2.91787,-0.2476248,-0.3457261,3.119088,-0.2324038,-0.4271251,3.03544,-0.03204326,0.3348816,2.840755,-0.04276258,-0.01185377,3.036087,-0.08698001,-0.3151743,3.228346,0.02215158,-0.3568049,3.214987,0.2219163,0.6594319,2.542696,0.3335043,0.04213539,2.743881,0.3034523,0.1148299,2.679455,0.478044,0.1214566,3.031745,0.4203514,0.1796754,3.028125,
-0.08161642,0.3480698,2.799913,0.09780534,0.5226737,2.65755,0.2733984,0.6859589,2.503572,0.397537,0.7323748,2.46381,0.113879,0.637286,2.461058,0.1389314,0.3975765,2.480505,0.2240225,0.2117918,2.593724,0.2787504,0.1327678,2.674133,0.3017602,0.5634284,2.769149,0.3383605,0.3916411,2.916861,0.4455594,0.202703,3.004179,0.4362507,0.1862209,3.013537,-0.1184012,0.3560609,2.71103,-0.1987102,-0.0555317,2.917278,-0.2489844,-0.3490091,3.121555,-0.2323279,-0.4278921,3.035153,-0.03608179,0.3197209,2.817359,-0.04294838,-0.01579529,3.038045,-0.08704694,-0.319232,3.230127,0.01901267,-0.3568373,3.215443,0.2299181,0.6462389,2.544011,0.3394273,0.06263967,2.733066,0.3058142,0.137161,2.653235,0.4841107,0.1677157,3.019397,0.4091635,0.1774912,3.027889,
-0.07648714,0.3275456,2.821521,0.1070375,0.500406,2.670129,0.2859834,0.6656849,2.508443,0.3988753,0.7315965,2.463918,0.1203493,0.6289933,2.466615,0.1775535,0.3744045,2.497881,0.268597,0.1713506,2.645102,0.3190316,0.1145462,2.709099,0.3105675,0.5499471,2.765028,0.338719,0.3848466,2.920766,0.4505801,0.1978327,3.006413,0.4303747,0.1834611,3.015023,-0.1139277,0.3512644,2.768793,-0.1945285,-0.06721785,2.92067,-0.2510984,-0.3587975,3.125826,-0.2322184,-0.4281913,3.035153,-0.03472923,0.294432,2.818513,-0.03211126,-0.06923895,3.087636,-0.0842821,-0.2933181,3.212953,0.02207484,-0.3532447,3.213323,0.2418287,0.6254856,2.550789,0.3770108,0.04082317,2.767046,0.331251,0.1405896,2.665889,0.4681578,0.172077,3.022907,0.401644,0.1802924,3.012889,
-0.0745455,0.323648,2.824824,0.1107516,0.492803,2.672861,0.2921937,0.6538914,2.50959,0.41395,0.7039457,2.468059,0.127938,0.6207493,2.471451,0.1872908,0.3605703,2.510572,0.2731791,0.172062,2.649217,0.3283505,0.1242739,2.712642,0.3214244,0.5404565,2.748918,0.3398277,0.3883972,2.91709,0.4462423,0.2003877,3.00693,0.433275,0.1827536,3.00802,-0.1121413,0.3513755,2.773609,-0.1913739,-0.0685488,2.918071,-0.2510387,-0.3577922,3.125454,-0.2308971,-0.4270528,3.035466,-0.03298997,0.2839105,2.815071,-0.03408233,-0.06555668,3.085224,-0.08525335,-0.2932504,3.212693,0.02172086,-0.3525564,3.212305,0.247416,0.6147306,2.55248,0.3898855,0.05225067,2.77665,0.3329056,0.1553469,2.654077,0.4590649,0.1717822,3.017412,0.4168817,0.1769817,2.983818,
-0.07646,0.321699,2.823677,0.1113356,0.4883755,2.671697,0.2971015,0.645457,2.508365,0.4194736,0.6954677,2.467521,0.134,0.613537,2.47548,0.2011643,0.3436195,2.525502,0.321476,0.1489227,2.6939,0.3641172,0.09382784,2.767537,0.3246341,0.5342265,2.745612,0.3476237,0.3804798,2.919502,0.4382002,0.1817882,3.004593,0.4536308,0.1384584,3.001109,-0.1129461,0.3515861,2.773567,-0.1895798,-0.07043543,2.911139,-0.249339,-0.3573855,3.12143,-0.2306861,-0.429204,3.034436,-0.03858674,0.2773819,2.807079,-0.03474788,-0.06412478,3.083083,-0.1031246,-0.372043,3.261085,0.02401816,-0.3575894,3.212986,0.251034,0.6073856,2.551243,0.4504685,0.03309864,2.832917,0.3962962,0.09027046,2.745111,0.4901789,0.05984747,3.005408,0.4320895,0.15661,2.96625,
-0.07481167,0.3167033,2.823891,0.1165461,0.4757741,2.673446,0.305035,0.6268832,2.512387,0.4174702,0.6931883,2.467704,0.1376284,0.6085971,2.478762,0.2182319,0.3485421,2.512439,0.3235896,0.1477213,2.700482,0.3576706,0.1103342,2.758384,0.342877,0.5015104,2.71119,0.3498438,0.3809099,2.919133,0.4436915,0.1871358,3.010671,0.4469872,0.156239,2.999905,-0.1240611,0.3266005,2.71723,-0.1852843,-0.07042975,2.907416,-0.2493889,-0.3551042,3.119376,-0.2308702,-0.4288461,3.035116,-0.01684146,0.2779956,2.8631,-0.03381758,-0.06275826,3.080254,-0.09918214,-0.371775,3.257562,0.02844185,-0.3575434,3.214656,0.2585121,0.590066,2.55468,0.4467298,0.03282408,2.809417,0.3591028,0.146147,2.689727,0.4800397,0.07601302,2.993412,0.4339645,0.1557009,2.964666,
-0.07181424,0.3108777,2.823962,0.1200767,0.4700045,2.672932,0.3080515,0.6226267,2.511236,0.4236698,0.6811566,2.466117,0.1412535,0.6038281,2.479349,0.2277956,0.3352021,2.522842,0.3277261,0.1463967,2.705077,0.3674901,0.09496402,2.780993,0.3435942,0.5032012,2.696115,0.3696359,0.3348205,2.939309,0.4596364,0.1344656,3.020981,0.460901,0.1166049,3.005053,-0.1233697,0.3260012,2.718648,-0.1252601,-0.0009461361,2.839559,-0.24453,-0.3368267,3.103225,-0.2312551,-0.4281455,3.035624,-0.01532466,0.2759514,2.860979,-0.03533368,-0.0680555,3.081411,-0.08646388,-0.3061278,3.217229,0.02636761,-0.3560978,3.213481,0.2616977,0.5854312,2.553684,0.4642565,0.03325266,2.84641,0.3451567,0.083455,2.809,0.487891,0.06775504,2.991407,0.4473969,0.1327255,2.976,
-0.07146755,0.3084358,2.822837,0.1219544,0.4670587,2.671177,0.3118655,0.6192996,2.508442,0.4263733,0.676185,2.461301,0.1461373,0.6014623,2.477762,0.2298613,0.3320005,2.524085,0.3303724,0.1448007,2.710967,0.3674022,0.09329115,2.781411,0.3442596,0.5019058,2.696705,0.3677428,0.3641928,2.934776,0.4438915,0.1545238,3.00873,0.4662289,0.1309995,3.010333,-0.1193889,0.3298795,2.733599,-0.1589483,-0.07978413,2.888346,-0.2471029,-0.3484499,3.111336,-0.2309119,-0.429181,3.034919,-0.02118292,0.2634085,2.831755,-0.03403499,-0.06747162,3.079292,-0.115837,-0.3767566,3.24972,0.01194012,-0.3586991,3.214328,0.2649942,0.5821897,2.551193,0.4487134,0.03860515,2.809916,0.3431482,0.08097004,2.808717,0.4844491,0.07195747,2.995409,0.4526932,0.147017,2.981289,
-0.06778207,0.3033364,2.823102,0.1249014,0.4626567,2.667989,0.3142052,0.6148916,2.499958,0.431215,0.6686202,2.454132,0.1513321,0.5994691,2.472783,0.2283718,0.3284795,2.525549,0.3302321,0.1432346,2.710711,0.3638237,0.08981723,2.769895,0.3445014,0.5008241,2.696826,0.3751377,0.3303716,2.943515,0.4577125,0.1245296,3.020156,0.472525,0.08626378,3.007937,-0.1167802,0.3267002,2.731254,-0.1579315,-0.08017278,2.884468,-0.2459668,-0.3487671,3.107584,-0.2307232,-0.430015,3.033562,-0.01554866,0.2622513,2.841938,-0.0303332,-0.0673741,3.073817,-0.1119532,-0.3692002,3.256227,0.01609769,-0.3574529,3.215021,0.2675418,0.5778069,2.544334,0.4467178,0.04053519,2.809417,0.3239919,0.08757982,2.781118,0.4888695,0.06789093,2.997407,0.4822294,0.09237503,2.982367,
-0.05830353,0.2939125,2.826764,0.129039,0.4585618,2.667907,0.3151404,0.6140199,2.498911,0.4261035,0.6674412,2.446643,0.14719,0.6034821,2.468698,0.2253471,0.3276768,2.520901,0.3250368,0.1411499,2.703556,0.3596985,0.08350036,2.763381,0.3447062,0.5003295,2.698874,0.3753677,0.3297838,2.945981,0.4606062,0.1217218,3.014557,0.4894825,0.05280077,3.041109,-0.1094303,0.3216473,2.732678,-0.1584656,-0.08484086,2.877136,-0.247291,-0.3483149,3.105565,-0.2306556,-0.4303784,3.033097,-0.006614455,0.2551457,2.849975,-0.0231536,-0.06743156,3.069036,-0.1081052,-0.366608,3.254071,0.02032996,-0.358546,3.220719,0.2690238,0.5763897,2.543339,0.3955596,0.0046495,2.855789,0.2820713,0.1252662,2.749444,0.5057897,0.03453661,3.030581,0.4991033,0.0591604,3.015546,
-0.05488865,0.2913093,2.825126,0.1339007,0.4550645,2.660637,0.3198819,0.6115383,2.48115,0.4360102,0.664522,2.433781,0.1477143,0.6030709,2.464632,0.2202511,0.3672502,2.452954,0.3153138,0.1563689,2.666123,0.3560711,0.08033968,2.754473,0.3447679,0.5003072,2.69877,0.3759084,0.3283785,2.945104,0.4726036,0.1216212,3.003193,0.4527979,0.05162758,2.914927,-0.1042169,0.3203925,2.734432,-0.16041,-0.08887458,2.86818,-0.2457453,-0.3487055,3.101682,-0.2290961,-0.4307045,3.032123,-0.003798798,0.2516626,2.844914,-0.01664891,-0.06878541,3.066491,-0.1047168,-0.366111,3.252937,0.02369115,-0.3584074,3.220707,0.274069,0.5733689,2.528585,0.3980173,0.006567352,2.841036,0.2771517,0.1171853,2.72975,0.4691606,0.03335666,2.904391,0.462539,0.05797923,2.889345,
-0.05069773,0.2891568,2.817044,0.1364735,0.4534641,2.650615,0.3198135,0.6113049,2.47215,0.4374278,0.6588627,2.424333,0.1588853,0.6005062,2.442845,0.202601,0.3624056,2.451186,0.2801617,0.1421735,2.65292,0.32906,0.09965992,2.713595,0.3442846,0.5004503,2.695958,0.3716176,0.3285134,2.935131,0.460258,0.1113575,2.968484,0.5038326,0.06485998,2.97787,-0.09888536,0.3193917,2.731231,-0.1614961,-0.123181,2.883699,-0.2542113,-0.3717901,3.125623,-0.2260349,-0.4304724,3.026892,-0.001910261,0.2498016,2.83123,-0.001538041,-0.0644456,3.053947,-0.1035139,-0.3521321,3.247764,0.0241868,-0.3570801,3.225424,0.2746458,0.5728057,2.51897,0.3707272,0.02748772,2.786964,0.2632658,0.122479,2.70225,0.5432755,0.04486248,2.970618,0.5448658,0.05620899,2.961,
-0.03952919,0.2878796,2.804183,0.1414444,0.4551119,2.633748,0.3177046,0.617053,2.448678,0.4342648,0.6617232,2.3986,0.1583463,0.6009475,2.432225,0.1916586,0.361102,2.440935,0.2904074,0.1428008,2.640838,0.3368469,0.09624331,2.69914,0.3414211,0.5061918,2.676466,0.3362938,0.3345152,2.91997,0.47661,0.05780476,2.820144,0.55962,-0.02249892,2.801595,-0.08168428,0.3241681,2.736506,-0.1577572,-0.1221228,2.875553,-0.2321955,-0.3943931,3.098913,-0.2124238,-0.4533955,2.99813,0.008205287,0.2395674,2.781288,0.003786727,-0.06436931,3.049849,-0.1015664,-0.3491714,3.245945,0.02583479,-0.3570541,3.224165,0.2745441,0.5773938,2.497347,0.3808701,0.02345823,2.794459,0.2614822,0.1177271,2.684143,0.5941879,-0.08414338,2.828051,0.6128473,0.001333047,2.758917,
-0.03959232,0.2861061,2.799269,0.1396728,0.4566411,2.620775,0.3133824,0.6242666,2.427042,0.4229948,0.6792608,2.373353,0.1568041,0.6024071,2.416363,0.1833329,0.3618751,2.427428,0.2712027,0.1430072,2.614284,0.3213569,0.107225,2.66596,0.3364988,0.5140705,2.653735,0.3966107,0.2942979,2.815277,0.5132143,0.01227197,2.784186,0.5446816,-0.04583579,2.790958,-0.08163004,0.3221284,2.729537,-0.08815414,-0.06910887,2.765347,-0.2094633,-0.3658242,3.036545,-0.182373,-0.4567871,2.966797,0.007048341,0.2394541,2.783526,0.01011536,-0.06619365,3.044526,-0.09184548,-0.3503013,3.243208,0.03487968,-0.3576643,3.226914,0.2707832,0.5831158,2.477683,0.3693744,0.03608752,2.762462,0.2567216,0.1170188,2.647833,0.5753685,-0.1095811,2.820867,0.5995855,0.004528435,2.728739,
-0.02335706,0.2811052,2.785576,0.1435466,0.4573668,2.606292,0.3078452,0.6284632,2.410357,0.4166591,0.6834308,2.35583,0.153924,0.6028366,2.398398,0.1613041,0.3601884,2.40336,0.2529178,0.1625372,2.553312,0.3016586,0.1251418,2.61882,0.3309962,0.5181776,2.637525,0.3625726,0.3861596,2.864027,0.436287,0.1627831,2.896063,0.4924006,0.1291331,2.88233,-0.06747578,0.3135948,2.716872,-0.06734004,-0.05306325,2.744702,-0.1761465,-0.3979652,2.99412,-0.1629709,-0.4851561,2.942214,0.01793306,0.2402967,2.781138,0.02161084,-0.06543219,3.030547,-0.07860328,-0.3462868,3.234326,0.03886192,-0.3587148,3.22948,0.2677336,0.5864672,2.461848,0.3495388,0.05636909,2.689967,0.2469524,0.1253154,2.58925,0.5374442,0.06848006,2.876071,0.5511397,0.1408397,2.852294,
-0.02853927,0.298764,2.723867,0.1371988,0.4739879,2.555278,0.3008421,0.6395082,2.38378,0.4088607,0.6931899,2.327834,0.1536629,0.6092898,2.375352,0.1519948,0.32466,2.409143,0.2509106,0.1637409,2.543808,0.2991436,0.1279018,2.59445,0.3239208,0.5291992,2.610915,0.36858,0.3837041,2.853271,0.4420278,0.1569653,2.8625,0.4954042,0.1301669,2.843968,-0.07673973,0.3184872,2.643301,-0.09193377,-0.1370942,2.771164,-0.1427321,-0.4310467,2.974325,-0.1221086,-0.5012897,2.887576,0.02032817,0.2715709,2.736067,0.0414767,0.002731659,2.932791,-0.02075556,-0.2543713,3.193581,0.03823715,-0.3419847,3.228178,0.260292,0.5994373,2.428426,0.352644,0.06185486,2.657462,0.2054298,0.1510881,2.538083,0.5358424,0.07359526,2.839152,0.5514792,0.1428129,2.809882,
-0.01906212,0.2976665,2.711423,0.1394499,0.4759528,2.546821,0.2957828,0.6482736,2.368151,0.3986165,0.7011181,2.307271,0.1481363,0.6090209,2.362795,0.138916,0.3236355,2.396131,0.259692,0.147303,2.547241,0.3301727,0.1098988,2.593551,0.3717153,0.6026068,2.587577,0.3791029,0.3919371,2.81427,0.4394776,0.1604179,2.810604,0.4925035,0.1360062,2.801905,-0.06520571,0.3082164,2.622565,-0.05953513,-0.1112522,2.734087,-0.09766984,-0.4252528,2.912068,-0.08477783,-0.5366211,2.837891,0.02921079,0.2768169,2.728066,0.03233329,-0.00277171,2.913586,-0.02936229,-0.2612066,3.175994,0.03331287,-0.3386784,3.21943,0.2577977,0.6057607,2.415483,0.4041573,0.04839957,2.64761,0.3457564,0.05377271,2.6535,0.5426688,0.0733465,2.790673,0.5527834,0.1501476,2.767637,
-0.003921544,0.2762294,2.70284,0.1430159,0.4722184,2.531287,0.2871877,0.6615207,2.334015,0.377848,0.7136275,2.263606,0.1426252,0.6134982,2.328856,0.1183449,0.315659,2.380691,0.3110487,0.1316354,2.537646,0.3673739,0.08501166,2.579872,0.3553295,0.5824125,2.547642,0.3830757,0.4029692,2.778688,0.4260907,0.1673493,2.762043,0.4815892,0.1438624,2.757212,-0.05630854,0.2952514,2.613793,-0.05221733,-0.1168587,2.720788,-0.06118963,-0.4803787,2.874863,-0.05145264,-0.5688477,2.773438,0.04882594,0.2498364,2.724034,0.03289358,-0.1025435,2.947971,-0.02871997,-0.3661601,3.214956,-0.03680145,-0.4208989,3.068792,0.2528467,0.6138558,2.386727,0.4564233,0.03609967,2.58759,0.3145162,0.0554318,2.626714,0.5429361,0.07256705,2.742131,0.524623,0.1665372,2.724864,
0.01246053,0.268492,2.703039,0.1480274,0.4686923,2.521362,0.2828265,0.6605322,2.318974,0.3753868,0.7159969,2.250842,0.1372978,0.6062881,2.312932,0.09212912,0.3531616,2.331956,0.1889862,0.1658642,2.434108,0.2647154,0.1545574,2.477,0.3605728,0.5861157,2.547255,0.389731,0.4069593,2.74769,0.4191692,0.1712545,2.704839,0.4773543,0.1477945,2.714103,-0.03590229,0.2789691,2.612425,-0.04358223,-0.1367149,2.706526,-0.03106466,-0.485671,2.820153,-0.03146959,-0.5722856,2.750518,0.06198581,0.2484812,2.725049,0.05923468,-0.08474243,2.96083,-0.002502224,-0.3484386,3.227834,-0.008536382,-0.4055128,3.082633,0.2504882,0.6129495,2.372287,0.3375774,0.08261732,2.545316,0.165368,0.1620737,2.432636,0.5408695,0.07462332,2.69261,0.5177363,0.1749203,2.682334,
0.001494614,0.2450949,2.638104,0.1364616,0.4596796,2.465397,0.2705815,0.6656979,2.288763,0.3515375,0.7276997,2.215395,0.1242204,0.5954182,2.288304,0.08391766,0.3530503,2.317237,0.2129565,0.1850106,2.417129,0.2846536,0.1379284,2.464891,0.3656229,0.5880868,2.530757,0.3903555,0.4531405,2.711154,0.4414201,0.2210671,2.668664,0.4771663,0.1558784,2.664564,-0.04628183,0.2501083,2.552135,-0.02647512,-0.1982859,2.700207,-0.01648514,-0.553536,2.786137,-0.002483581,-0.5924734,2.671953,0.04917156,0.2337363,2.655597,0.003880631,-0.07724442,2.833727,-0.0576175,-0.341068,3.100708,-0.06682191,-0.4354548,2.986634,0.236947,0.6159708,2.333771,0.3413218,0.06073173,2.531761,0.1942878,0.1530078,2.4164,0.5573986,0.07522433,2.643233,0.5327134,0.1774819,2.623143,
0.004548186,0.2416009,2.629291,0.1354124,0.4572075,2.45485,0.2606608,0.6645582,2.265828,0.346636,0.7244645,2.194734,0.1169565,0.587683,2.256993,0.08168067,0.3066685,2.305032,0.2715282,0.1563382,2.406795,0.3405906,0.09476647,2.448174,0.364112,0.60071,2.45265,0.3936988,0.445958,2.664838,0.4035141,0.171352,2.625427,0.4608824,0.1530625,2.619063,-0.04477424,0.2466776,2.539124,-0.01906079,-0.204435,2.680097,-0.002804065,-0.5590149,2.767522,-0.002948531,-0.6095988,2.659869,0.05341237,0.2301665,2.649763,0.01214796,-0.1106526,2.828043,-0.04939273,-0.3743066,3.095002,-0.06002685,-0.4609247,2.97289,0.2305317,0.6140627,2.316031,0.4183226,0.02346279,2.456714,0.2930744,0.0742228,2.49,0.490913,0.09059099,2.605493,0.5121447,0.1675135,2.578773,
0.01075978,0.2390068,2.599199,0.1315727,0.4557475,2.426489,0.2491299,0.664694,2.241771,0.3265114,0.7278197,2.158607,0.1112288,0.587045,2.243637,0.07732406,0.3159315,2.285302,0.2700683,0.1527265,2.389217,0.3388887,0.0894457,2.412518,0.3672586,0.600121,2.444464,0.4017002,0.4190801,2.630698,0.4673478,0.1898447,2.56672,0.4998568,0.1345426,2.56005,-0.0421277,0.2437409,2.504604,-0.001421204,-0.171111,2.632478,0.005637941,-0.5247477,2.735299,0.01987224,-0.6271259,2.648481,0.06265111,0.2279775,2.624979,0.01834863,-0.1008253,2.796832,-0.1142192,-0.3131443,3.213115,-0.08278798,-0.3747029,3.074329,0.2201897,0.613716,2.289717,0.4197878,0.02389609,2.404544,0.2861539,0.05041908,2.473333,0.5720568,0.06180362,2.524576,0.5508406,0.1584916,2.517091,
0.02306042,0.2267133,2.582506,0.1311658,0.4487835,2.411694,0.2364784,0.6605169,2.224245,0.3178713,0.734051,2.143249,0.09845005,0.572063,2.211889,0.06564849,0.3136079,2.266258,0.2750569,0.1480574,2.351689,0.3406495,0.08332175,2.371865,0.3588076,0.5870491,2.394044,0.4015869,0.4222625,2.602521,0.4552899,0.1795008,2.535805,0.4849925,0.1395299,2.516804,-0.03511819,0.2365293,2.492753,0.004164841,-0.1780857,2.620887,0.009831505,-0.5380557,2.728065,0.02676557,-0.6390861,2.636684,0.08190896,0.2095209,2.602731,0.1213363,-0.03673569,2.86495,-0.1043754,-0.305474,3.19764,-0.07515861,-0.3694392,3.059729,0.2112982,0.6089242,2.273693,0.4286328,0.01831318,2.348006,0.2880614,0.05194131,2.422645,0.5459919,0.06215588,2.481721,0.5498625,0.1467928,2.459834,
0.0408954,0.189686,2.534211,0.1320411,0.423573,2.36759,0.2237465,0.6518908,2.197198,0.3062185,0.7321727,2.114719,0.09279959,0.5688838,2.194596,0.04129561,0.3283823,2.224573,0.2709693,0.1406283,2.304072,0.3374352,0.07668849,2.329435,0.358995,0.5831923,2.378623,0.4063262,0.413214,2.558396,0.4676305,0.1915714,2.480718,0.4911016,0.1356679,2.46521,-0.01461342,0.195385,2.45083,0.02707356,-0.1860003,2.581336,0.02263543,-0.564028,2.720605,0.03359497,-0.6548675,2.632042,0.09522481,0.1788698,2.549012,0.08402073,-0.02533491,2.81419,-0.137154,-0.2901934,3.138826,-0.1096339,-0.3549499,3.000828,0.200737,0.5966918,2.242367,0.418837,0.01050598,2.302144,0.2850707,0.04013313,2.381999,0.5518957,0.06186666,2.424757,0.5534927,0.1438462,2.406584,
0.04813034,0.1758311,2.500158,0.1303718,0.4167155,2.346742,0.2119305,0.6468111,2.175381,0.2917801,0.7339034,2.087502,0.0858776,0.5628095,2.166468,0.03886257,0.3253176,2.217529,0.2717779,0.1380626,2.268995,0.3341296,0.07289772,2.28182,0.3574049,0.570191,2.339336,0.4094496,0.3997811,2.52193,0.4666239,0.1790779,2.437858,0.4859923,0.1353821,2.417916,-0.009395566,0.185033,2.419745,0.02743934,-0.1829561,2.548101,0.02534045,-0.5689192,2.714,0.03414021,-0.6578695,2.631749,0.1044777,0.1614469,2.511703,0.1528562,-0.05502574,2.765307,-0.06873491,-0.3197654,3.089986,-0.04926259,-0.3977575,2.960477,0.1919579,0.5907459,2.220451,0.4167719,0.01181052,2.242886,0.2872706,0.03652128,2.335063,0.541613,0.06405679,2.37784,0.5641127,0.1321254,2.345666,
0.04620295,0.1741522,2.485721,0.1263116,0.4122301,2.327863,0.2051823,0.6417617,2.159558,0.2860275,0.7272834,2.072386,0.08161702,0.5592825,2.153845,0.03459418,0.3204679,2.196138,0.2802537,0.1250351,2.236959,0.3439485,0.0555372,2.240837,0.3602666,0.5651896,2.321337,0.4144376,0.3900175,2.488276,0.4602475,0.1659404,2.388951,0.4868433,0.1300638,2.375487,-0.01205497,0.1831327,2.405378,0.03442207,-0.191061,2.524492,0.0253418,-0.5706099,2.71242,0.03381199,-0.6606516,2.632475,0.1032165,0.1602193,2.497447,0.1799468,-0.07044131,2.71855,-0.04542139,-0.3247691,3.031384,-0.02449607,-0.4108559,2.909869,0.1858303,0.5857103,2.20369,0.4230849,-0.003624751,2.190168,0.2889758,0.01807258,2.296685,0.5386997,0.0606491,2.33031,0.5575712,0.130731,2.308938,
0.04131649,0.1648431,2.455888,0.1212319,0.4058704,2.300138,0.1987559,0.6382434,2.132637,0.2757178,0.722174,2.050716,0.07415172,0.5543019,2.130631,0.03141678,0.3121276,2.171505,0.2803968,0.119963,2.192524,0.3459888,0.05048565,2.192577,0.3631825,0.559542,2.293701,0.427617,0.3516456,2.435041,0.4650504,0.130072,2.341458,0.5022021,0.1130152,2.324942,-0.01620905,0.1753437,2.379168,0.04002249,-0.2032746,2.516022,0.02713349,-0.5750715,2.709116,0.03444527,-0.6633667,2.634042,0.09758635,0.1496259,2.463777,0.1887904,-0.1232537,2.692963,-0.04586372,-0.2906952,3.085984,-0.02558132,-0.3756366,2.962711,0.1797781,0.5814834,2.176548,0.426323,-0.01020443,2.134635,0.2932489,0.01183404,2.249804,0.54555,0.06757293,2.281796,0.5630739,0.1202397,2.2585,
0.1118485,0.1287774,2.413633,0.153221,0.3863092,2.26437,0.1951349,0.6364441,2.115728,0.2668951,0.7171847,2.024163,0.07180423,0.5513294,2.113119,0.03599844,0.3023159,2.145343,0.2804525,0.1104929,2.153474,0.3425181,0.04531035,2.152001,0.3643307,0.5545706,2.266677,0.4311427,0.3543723,2.415028,0.4889992,0.1444322,2.293169,0.5046911,0.112692,2.279023,0.04664229,0.1381643,2.339547,0.04428193,-0.2111472,2.503791,0.0272742,-0.576096,2.707472,0.03469148,-0.6650288,2.634947,0.1737963,0.115746,2.419094,0.1825208,-0.1701044,2.638232,-0.04408642,-0.2840855,3.053406,-0.01955404,-0.3748243,2.937282,0.1818587,0.5769929,2.157379,0.4183727,-0.0157335,2.091156,0.2923682,-0.002174273,2.207025,0.5407281,0.05574761,2.237988,0.5743555,0.10875,2.197077,
0.1689309,0.1180968,2.409452,0.1721507,0.3798532,2.256777,0.1949888,0.6294293,2.095043,0.2648598,0.7176424,2.005716,0.07194109,0.5478813,2.088104,0.03768211,0.293366,2.120708,0.2506693,0.1377941,2.104043,0.3229344,0.07509208,2.09968,0.36965,0.5530655,2.241826,0.4432631,0.3477647,2.373386,0.5042087,0.1473936,2.247457,0.5100228,0.11012,2.228666,0.1015709,0.123055,2.33308,0.04951389,-0.2093977,2.483214,0.02709305,-0.5758313,2.705196,0.03475475,-0.6662546,2.634918,0.2313988,0.1097913,2.417283,0.1961508,-0.1854339,2.617387,-0.03194494,-0.3007738,3.031476,-0.01207898,-0.3974561,2.921613,0.1885941,0.5689954,2.138407,0.4024644,0.01618527,2.041229,0.2916464,0.02347864,2.151321,0.5416549,0.05169761,2.188828,0.5724877,0.103846,2.151,
0.1744172,0.1116043,2.397658,0.1845914,0.3715767,2.242801,0.1993065,0.6236507,2.081686,0.2638938,0.7169001,1.985239,0.07329858,0.5456064,2.070233,0.03763569,0.2881686,2.096018,0.2455823,0.1374876,2.063367,0.3209169,0.07939615,2.058195,0.3769803,0.5471814,2.222461,0.4545561,0.345918,2.345304,0.5083501,0.1489741,2.21035,0.508929,0.1137282,2.190028,0.1067205,0.1169608,2.322496,0.05209677,-0.2094308,2.474277,0.02712002,-0.5756403,2.704766,0.03480558,-0.6665577,2.635067,0.2370472,0.1030615,2.404212,0.1908461,-0.2669611,2.624414,0.1189175,-0.4988736,3.017432,0.09344231,-0.5574379,2.876918,0.1955266,0.5620803,2.123876,0.3954527,0.02529812,1.99994,0.3615048,0.1308907,2.145167,0.5455476,0.05433347,2.145683,0.5686827,0.103782,2.117778,
0.1888453,0.09800455,2.377063,0.1954133,0.362124,2.224529,0.2037584,0.6165029,2.060448,0.2639384,0.7136384,1.969584,0.07548682,0.5392598,2.04833,0.04064644,0.2839561,2.064609,0.2372159,0.1390214,2.034171,0.3102453,0.08708072,2.013126,0.3856049,0.5397605,2.199996,0.464891,0.3420429,2.312723,0.4927119,0.1282333,2.166157,0.5070803,0.1033099,2.146261,0.1225886,0.1040754,2.299582,0.05397433,-0.2177407,2.466838,0.0266261,-0.5755923,2.703433,0.03491933,-0.6667205,2.635376,0.2496867,0.08917329,2.385849,0.183438,-0.2712867,2.622796,0.142338,-0.5328106,2.948976,0.09806585,-0.5910268,2.814568,0.201759,0.5543906,2.103631,0.3870491,0.02800404,1.959748,0.3618657,0.1179185,2.094,0.5476838,0.04345106,2.099857,0.57607,0.09379017,2.068667,
0.1958568,0.09185123,2.358566,0.2024533,0.3564587,2.204923,0.2084034,0.6121238,2.040623,0.2666038,0.7080175,1.951631,0.07868105,0.5341507,2.028305,0.04348655,0.2754522,2.034165,0.2357097,0.1353838,1.993336,0.3132558,0.08115911,1.970641,0.394825,0.5344347,2.176544,0.4757803,0.3325039,2.275114,0.5402335,0.08214509,2.085943,0.582555,0.04866492,2.025882,0.1287923,0.09937192,2.28352,0.05646935,-0.2217486,2.457837,0.02579478,-0.5771437,2.702921,0.03491865,-0.6671597,2.635318,0.2571784,0.08158513,2.364974,0.1771456,-0.2948824,2.617676,0.1465249,-0.5350674,2.881095,0.2204092,-0.5262737,2.904302,0.207138,0.5496257,2.08368,0.3868637,0.02019081,1.920352,0.3653161,0.1223475,2.0515,0.610615,-0.01343904,1.93432,0.6260747,0.06084787,1.964433,
0.2033795,0.092344,2.32131,0.2100421,0.3547421,2.18026,0.2151393,0.609015,2.025048,0.272659,0.7015577,1.934336,0.08300423,0.5262305,2.009124,0.05223882,0.2650787,2.009208,0.2421528,0.1248763,1.956806,0.3164271,0.07753261,1.930847,0.4068706,0.5214536,2.155127,0.4896661,0.3197994,2.243478,0.5470203,0.1181449,2.055497,0.5800507,0.05400647,1.998129,0.1353863,0.08760994,2.26121,0.06140003,-0.229858,2.448044,0.02602972,-0.5786601,2.702535,0.03480091,-0.6678208,2.635254,0.2649204,0.09909302,2.310558,0.2762842,-0.2286203,2.416618,0.1789986,-0.5445527,2.775541,0.2359619,-0.5878906,2.798828,0.2141243,0.5467984,2.06611,0.3916018,0.01758485,1.878043,0.314539,0.02943871,1.968,0.6233864,-0.01510275,1.882954,0.6341717,0.05417032,1.915958,
0.2119252,0.08534116,2.303049,0.2183057,0.3474232,2.158506,0.2224426,0.6013007,2.003055,0.2788826,0.6978212,1.917678,0.09320883,0.5150914,1.98645,0.05538018,0.2586641,1.980261,0.2430386,0.1158187,1.926457,0.3208068,0.06994983,1.891899,0.4155727,0.5121326,2.130851,0.5079217,0.3054898,2.199863,0.5581992,0.06514791,2.005766,0.5943156,0.03465844,1.941838,0.1460725,0.07629754,2.237277,0.06578168,-0.2350555,2.437759,0.02617861,-0.5821568,2.703627,0.03612607,-0.6662708,2.640209,0.2714459,0.09313811,2.298613,0.2867833,-0.2507598,2.399712,0.2109224,-0.5767931,2.706528,0.2497878,-0.6386424,2.722984,0.2217291,0.5391872,2.04389,0.3942063,0.004080665,1.84362,0.3548524,0.1070692,1.915286,0.6242012,-0.03060551,1.83305,0.6382348,0.04201345,1.866333,
0.2181818,0.07038818,2.281595,0.22697,0.3353449,2.14042,0.2339254,0.5908155,1.986976,0.2885086,0.6888395,1.895927,0.1019573,0.5077937,1.971281,0.06136853,0.2519325,1.95315,0.2466143,0.1112829,1.88446,0.3368049,0.05674367,1.85184,0.426852,0.4970896,2.113667,0.5241048,0.2864522,2.165801,0.5730468,0.1268501,1.984193,0.5841109,0.04952158,1.93644,0.1510672,0.06561387,2.218612,0.07312544,-0.2365566,2.42442,0.02556103,-0.5813898,2.701167,0.03745368,-0.6670951,2.639935,0.2787308,0.07297072,2.275816,0.2944647,-0.274112,2.377408,0.2588234,-0.6204839,2.62037,0.3117676,-0.6928711,2.621094,0.2324642,0.5284066,2.027435,0.4077137,-0.005546308,1.792173,0.3946984,0.08631272,1.9146,0.6594147,-0.03823906,1.812147,0.650153,0.02834663,1.813733,
0.2324183,0.059603,2.262278,0.2408322,0.3245214,2.122263,0.247012,0.5805594,1.970954,0.2974447,0.6805769,1.877881,0.1138797,0.4962693,1.95205,0.07180818,0.2483061,1.928985,0.2478777,0.09917285,1.853232,0.3282542,0.05782734,1.823166,0.4377971,0.4866393,2.091341,0.5378492,0.2770095,2.142137,0.577531,0.1161877,1.960172,0.5890756,0.04100013,1.904387,0.1659451,0.05294172,2.197545,0.08213481,-0.2388411,2.411846,0.0255861,-0.5822318,2.700848,0.03850905,-0.6675657,2.6407,0.2917334,0.06434876,2.258545,0.319424,-0.3226581,2.356374,0.3058281,-0.6695089,2.577164,0.3684082,-0.7441406,2.546875,0.2458113,0.5179591,2.010805,0.4000688,-0.01112269,1.783658,0.38174,0.07971256,1.841444,0.6561211,0.006128497,1.7819,0.5803759,0.1079229,1.907067,
0.2440186,0.04420643,2.239915,0.2541388,0.309987,2.10192,0.2622658,0.5665675,1.952183,0.3115832,0.6662277,1.857649,0.1274546,0.483993,1.935712,0.08759294,0.2356904,1.894961,0.2615366,0.08637425,1.814292,0.3367597,0.04842054,1.78734,0.4526042,0.4687546,2.069265,0.5564268,0.2558792,2.101355,0.6058787,0.1079625,1.910918,0.5833845,0.03728847,1.88155,0.1752014,0.03990015,2.177837,0.08893701,-0.2531179,2.40607,0.0264443,-0.5813279,2.700178,0.0382568,-0.6676346,2.640846,0.305481,0.04699992,2.233474,0.3305716,-0.3344898,2.338858,0.3727336,-0.6964949,2.473348,0.4226074,-0.7929688,2.439453,0.2605715,0.5038584,1.991675,0.4108911,-0.02045447,1.74724,0.3943266,0.06281371,1.799357,0.6330275,-0.01805863,1.770507,0.6265086,0.05455405,1.831477,
0.2612954,0.02632469,2.223279,0.2714098,0.2913724,2.083477,0.2791716,0.5475959,1.932206,0.3263322,0.6540173,1.841195,0.1439329,0.4683678,1.915928,0.09834891,0.2297741,1.873351,0.277403,0.07815671,1.780718,0.3726029,0.01850239,1.742816,0.4735496,0.4449197,2.049276,0.572408,0.2314944,2.088152,0.6129494,0.0945287,1.887353,0.5962592,0.03956949,1.852942,0.1911922,0.02066589,2.163628,0.09104447,-0.2621226,2.396977,0.02739716,-0.5807851,2.699662,0.03754536,-0.6666558,2.641845,0.3234091,0.03114146,2.214454,0.35232,-0.3861586,2.320933,0.4170924,-0.7728331,2.400631,0.4882813,-0.84375,2.335938,0.2776189,0.4849399,1.972057,0.4419044,-0.04273115,1.68477,0.4199497,0.04921323,1.777714,0.6475433,-0.01470513,1.763647,0.6328473,0.09165448,1.856167,
0.2655771,0.007440811,2.194901,0.2783295,0.2760025,2.062265,0.2881718,0.5349291,1.916651,0.3458275,0.6355491,1.82378,0.1596091,0.4488111,1.894734,0.118439,0.2118812,1.836589,0.3555464,0.02619311,1.729765,0.4338198,-0.04808728,1.690578,0.4886323,0.4271295,2.030142,0.5974484,0.2132223,2.039834,0.6361745,0.0735538,1.840625,0.6250521,-0.003215096,1.791145,0.1945466,0.005744139,2.134312,0.1034523,-0.2430629,2.334012,0.02644157,-0.5723003,2.685553,0.03722742,-0.665711,2.642574,0.328342,0.008626794,2.186992,0.3640375,-0.3924265,2.306194,0.4339984,-0.7878284,2.353588,0.489502,-0.8525391,2.271484,0.286141,0.4716737,1.955224,0.4965453,-0.09422887,1.587469,0.3983277,-0.1086746,1.742542,0.6763921,-0.0518659,1.67658,0.6810487,-0.002979185,1.710818,
0.3088369,-0.02223536,2.18191,0.3131406,0.2500342,2.045696,0.3150368,0.5135506,1.898573,0.3646178,0.6196209,1.80678,0.17336,0.4351227,1.879623,0.1411205,0.192441,1.808179,0.3552831,0.02052036,1.710653,0.4387637,-0.05492255,1.665575,0.5060142,0.4076117,2.007717,0.6155137,0.1939554,2.014911,0.6405748,0.0546947,1.813078,0.6334654,-0.0217108,1.761205,0.2394854,-0.02767608,2.124165,0.09937274,-0.2529658,2.324331,0.01796071,-0.5732448,2.682679,0.03734526,-0.6656514,2.642574,0.366713,-0.01502179,2.172221,0.3874806,-0.4429772,2.279591,0.4374913,-0.8073232,2.338389,0.4968539,-0.8788512,2.256007,0.3149095,0.4491227,1.937374,0.4962445,-0.1107271,1.574123,0.4077747,-0.1261583,1.718968,0.6828893,-0.07383738,1.658868,0.6817574,-0.01147566,1.695889,
0.3236711,-0.03692317,2.163805,0.329387,0.2345953,2.027232,0.3328107,0.4970232,1.87885,0.3835069,0.6029146,1.789499,0.2008991,0.4099402,1.858357,0.1604749,0.1711653,1.780888,0.3221661,0.01624848,1.685552,0.4137595,-0.03663827,1.648288,0.5274546,0.3898047,1.988621,0.6357619,0.1748571,1.986476,0.6585961,0.03880053,1.78217,0.6467016,-0.04059719,1.731249,0.253302,-0.04189013,2.10555,0.104438,-0.2621038,2.305375,0.01738435,-0.5693825,2.673163,0.03785929,-0.6653639,2.642355,0.3842098,-0.03134518,2.153245,0.3919635,-0.4361044,2.253674,0.4361657,-0.811389,2.330844,0.4926955,-0.8932437,2.2504,0.3323944,0.432817,1.917981,0.4730605,-0.1214893,1.608365,0.468689,-0.004706591,1.687857,0.6888478,-0.1028984,1.620696,0.7013696,-0.06016508,1.628333,
0.3498566,-0.06109519,2.134415,0.3512558,0.2167117,2.002889,0.3502253,0.4847888,1.859237,0.4051255,0.5887685,1.766756,0.2213149,0.3939763,1.842581,0.1739449,0.1625644,1.766155,0.3284404,0.003294465,1.665719,0.4033673,-0.03852364,1.624813,0.5472779,0.367657,1.96548,0.6570203,0.1533942,1.957763,0.6603168,0.01789057,1.75165,0.6654288,-0.05848221,1.698899,0.2769229,-0.0635974,2.079183,0.1136067,-0.2813326,2.272399,0.0142499,-0.5677036,2.653069,0.03782978,-0.6646698,2.641526,0.4111242,-0.05624332,2.122261,0.3977036,-0.4409621,2.220022,0.4396836,-0.8138759,2.325456,0.4919689,-0.8975159,2.250858,0.3508949,0.419274,1.897264,0.4700414,-0.1244256,1.600006,0.4435972,0.0003823041,1.649883,0.7236951,-0.1071777,1.596999,0.7143233,-0.05036684,1.637,
0.3611985,-0.0679947,2.116523,0.3694951,0.2063264,1.980745,0.3760863,0.471033,1.832922,0.4250994,0.5767056,1.745892,0.2421506,0.385786,1.822384,0.1984898,0.155174,1.740625,0.3563144,-0.01009867,1.627169,0.4381643,-0.07333872,1.589569,0.566813,0.3520954,1.942325,0.667716,0.1332693,1.925473,0.690961,-0.007277473,1.724487,0.6802388,-0.08198018,1.671286,0.2884919,-0.0711043,2.061229,0.1596709,-0.3067226,2.257584,0.04318095,-0.570882,2.648942,0.03837462,-0.6656227,2.640299,0.4223562,-0.06273046,2.103788,0.4142427,-0.4519849,2.191448,0.4426772,-0.8157078,2.324006,0.4902979,-0.8992863,2.252552,0.3748691,0.4063033,1.871928,0.4985066,-0.1568804,1.553712,0.5137681,-0.06015122,1.6335,0.7338107,-0.130331,1.575957,0.7199988,-0.03818114,1.6525,
0.3690766,-0.07189801,2.097278,0.3825776,0.2005418,1.960404,0.3936697,0.4637278,1.811893,0.4482855,0.5681919,1.718173,0.2661604,0.3778674,1.798835,0.2207279,0.1491339,1.712035,0.3647648,-0.02087744,1.61405,0.4509561,-0.09598172,1.562985,0.5854586,0.3414232,1.913046,0.6866838,0.1230498,1.88789,0.6965811,-0.03156766,1.696531,0.68766,-0.1004439,1.648898,0.2963926,-0.07304927,2.040508,0.1883356,-0.3801566,2.270483,0.04322647,-0.6114907,2.669746,0.03838677,-0.6980388,2.634528,0.4298073,-0.06832964,2.086156,0.422422,-0.4568119,2.182482,0.4449725,-0.8166787,2.322067,0.4923305,-0.9026352,2.260537,0.3913955,0.3993603,1.851058,0.5125009,-0.179429,1.525293,0.4857983,-0.05696945,1.5795,0.742555,-0.142619,1.555716,0.7302135,-0.0437727,1.6516,
0.3772412,-0.07654084,2.075921,0.3966152,0.1943445,1.936473,0.4135537,0.4560423,1.785073,0.4677943,0.5604049,1.69451,0.2820716,0.3724408,1.779148,0.2536347,0.1338846,1.679808,0.3807136,-0.05076307,1.585202,0.4726795,-0.1218492,1.538606,0.6078027,0.3340985,1.887516,0.6967102,0.110162,1.862849,0.7198071,-0.04129206,1.670275,0.6980649,-0.1112317,1.630458,0.3046916,-0.07502697,2.019871,0.2022439,-0.3858077,2.215717,0.05866734,-0.5975699,2.628575,0.04131133,-0.6764092,2.629771,0.4374632,-0.07567584,2.064111,0.4298657,-0.4604657,2.174618,0.4456089,-0.8186002,2.3208,0.4912697,-0.903571,2.261475,0.4098427,0.3920467,1.824978,0.5278876,-0.2044614,1.498737,0.5507185,-0.1058025,1.589778,0.7444265,-0.1615823,1.55226,0.7338549,-0.03901455,1.639692,
0.3890062,-0.0803432,2.049789,0.4092596,0.189308,1.911209,0.4257431,0.4501289,1.761297,0.4813312,0.5540209,1.673847,0.297303,0.3649646,1.755282,0.2721896,0.1190466,1.655526,0.3975994,-0.06300688,1.551776,0.4628402,-0.1149319,1.520339,0.6207181,0.3257493,1.853264,0.7130184,0.1040273,1.817913,0.7215433,-0.07159649,1.646336,0.7197071,-0.1370781,1.599613,0.316515,-0.07399205,1.991534,0.2145236,-0.3905106,2.18289,0.08627591,-0.6306692,2.585366,0.1045302,-0.7119672,2.490075,0.4488382,-0.08391529,2.039841,0.4364738,-0.4614349,2.166039,0.4458959,-0.8202512,2.320314,0.4904019,-0.9042795,2.261811,0.422262,0.3863271,1.800784,0.5277995,-0.1880528,1.481644,0.4953703,-0.08333527,1.531536,0.7747303,-0.1767803,1.497531,0.6605528,-0.1849555,1.608736,
0.3942479,-0.08285099,2.033891,0.4192857,0.1842735,1.890825,0.4416959,0.4417952,1.735091,0.4956147,0.5463754,1.651019,0.3101417,0.3589791,1.732791,0.2834628,0.1188949,1.641946,0.4088039,-0.06981328,1.536218,0.4874282,-0.1435986,1.492958,0.630638,0.3162254,1.828669,0.7220184,0.09347039,1.804026,0.7421646,-0.07540312,1.61783,0.731194,-0.1539177,1.576499,0.3221756,-0.07435272,1.977003,0.2456151,-0.3902925,2.139381,0.1090783,-0.6262981,2.541821,0.1256738,-0.7080862,2.446964,0.4531645,-0.08867089,2.023072,0.4487374,-0.4555675,2.15111,0.4464045,-0.8218698,2.319917,0.488914,-0.904829,2.262522,0.4366467,0.378898,1.776147,0.5506396,-0.2135775,1.446483,0.5041539,-0.1380815,1.444268,0.7845833,-0.1949679,1.47294,0.6718968,-0.2040901,1.585968,
0.4050906,-0.08441843,2.022735,0.4324719,0.1794638,1.874765,0.4555728,0.4338633,1.714756,0.5111118,0.5361457,1.62802,0.3256359,0.3539518,1.716477,0.308066,0.1100385,1.61758,0.4191434,-0.08336208,1.520228,0.4688514,-0.1226541,1.486603,0.643768,0.3036111,1.802612,0.7359314,0.08226831,1.764513,0.7463372,-0.09754044,1.597749,0.7405272,-0.1687788,1.557787,0.3357029,-0.07430512,1.965873,0.2921592,-0.3936172,2.109928,0.1409836,-0.6446299,2.498717,0.1532641,-0.7266195,2.403764,0.4613349,-0.09161009,2.01194,0.4530588,-0.4566766,2.147516,0.4465875,-0.821655,2.319235,0.4879336,-0.9054351,2.262089,0.4505463,0.371702,1.756782,0.5348278,-0.1824619,1.439468,0.4576618,-0.08571161,1.462026,0.789174,-0.210772,1.453052,0.6820179,-0.2193538,1.565971,
0.4053213,-0.08900284,2.001729,0.4374156,0.1709259,1.851855,0.4658216,0.4212858,1.689656,0.522083,0.523878,1.605502,0.3378376,0.3452147,1.692089,0.3261661,0.0934765,1.591403,0.4368694,-0.09814268,1.490031,0.4929907,-0.1567816,1.460255,0.6549938,0.295977,1.776353,0.7395398,0.07130495,1.739642,0.7464282,-0.1260512,1.594916,0.7404611,-0.1800012,1.538954,0.3335963,-0.07729065,1.947037,0.2876256,-0.39139,2.094234,0.1495533,-0.653019,2.480803,0.161055,-0.7352341,2.38631,0.4637191,-0.09785103,1.988739,0.4610745,-0.4624222,2.140134,0.4470569,-0.8234209,2.316447,0.4874717,-0.9060086,2.262044,0.4593937,0.3601725,1.73229,0.5531176,-0.2304425,1.416119,0.5266129,-0.1797601,1.3998,0.7858452,-0.2187279,1.455697,0.6608567,-0.2169415,1.533093,
0.4099998,-0.09338479,1.994218,0.4447562,0.1645471,1.840087,0.4752563,0.4136188,1.673847,0.5335503,0.5142581,1.585927,0.3474815,0.3375752,1.674884,0.3434907,0.07830558,1.570716,0.4487844,-0.1198948,1.477427,0.5054193,-0.1768515,1.443213,0.6684625,0.2802671,1.755179,0.7506109,0.05461474,1.720286,0.7575395,-0.1307894,1.559907,0.7517893,-0.1941061,1.520483,0.3374093,-0.07920503,1.940763,0.286762,-0.3924273,2.079286,0.1694302,-0.6913198,2.445726,0.1411251,-0.7674899,2.443802,0.4689718,-0.1050293,1.980032,0.4663623,-0.4647582,2.135773,0.4471064,-0.8238454,2.315619,0.4872703,-0.9062795,2.262727,0.4684068,0.3527389,1.717438,0.5729128,-0.2526599,1.394171,0.5433571,-0.1629839,1.438105,0.7900612,-0.238738,1.448425,0.6722428,-0.2273431,1.514109,
0.4153308,-0.09913243,1.982847,0.4546862,0.1548462,1.825072,0.4902444,0.3995732,1.655354,0.5420367,0.5051533,1.567006,0.3566105,0.3304537,1.656523,0.3499288,0.07425662,1.561797,0.4507627,-0.1261067,1.46812,0.4983359,-0.1745004,1.43598,0.6771801,0.2717372,1.737445,0.7537544,0.04403272,1.702567,0.7620736,-0.1482224,1.551037,0.7546319,0.05388251,1.386501,0.3415809,-0.08129182,1.931226,0.2818106,-0.3950278,2.062787,0.1857929,-0.7190096,2.414189,0.153387,-0.7985045,2.388684,0.4752148,-0.1147296,1.966799,0.4731261,-0.4669982,2.129194,0.4472298,-0.82403,2.315525,0.4871605,-0.906889,2.263797,0.4821016,0.3398203,1.699821,0.5575542,-0.2494576,1.386661,0.4993378,-0.1495786,1.404053,0.7452397,0.05616639,1.347997,0.6742541,0.01736203,1.380411,
0.4251538,-0.1057306,1.971558,0.4636122,0.1461662,1.810913,0.4970184,0.3895112,1.638594,0.5511675,0.4936005,1.547499,0.365198,0.3221953,1.63879,0.3665148,0.05556445,1.538653,0.4608554,-0.1511666,1.453453,0.495204,-0.1738774,1.429244,0.6845881,0.2601912,1.718245,0.7581949,0.03134065,1.685417,0.7840766,0.08420464,1.445628,0.7993762,0.02601261,1.411076,0.3516964,-0.0867909,1.919337,0.2833439,-0.3974672,2.060122,0.1917917,-0.7508706,2.384546,0.1662929,-0.8318778,2.345484,0.4839328,-0.121336,1.956713,0.4768253,-0.4696937,2.124807,0.446945,-0.8258916,2.313951,0.4868972,-0.9076211,2.26353,0.4895265,0.3300408,1.683695,0.5538597,-0.2435291,1.370691,0.5497577,-0.1798303,1.418071,0.7907836,0.02652147,1.334817,0.7897786,0.0254396,1.414333,
0.4319375,-0.1126548,1.95983,0.471361,0.1370176,1.797253,0.5055468,0.3783183,1.623075,0.5580368,0.4840156,1.531196,0.3725136,0.314339,1.624337,0.3704678,0.05123811,1.53257,0.4620891,-0.1557742,1.444821,0.5035847,-0.1898792,1.418329,0.6900653,0.2499669,1.704009,0.7619618,0.02078415,1.66891,0.7873631,0.08976026,1.433292,0.7891853,0.05019431,1.423706,0.3582549,-0.09368939,1.906384,0.3022681,-0.3971287,2.046713,0.2053951,-0.7806903,2.335404,0.1751709,-0.8662109,2.289063,0.490687,-0.1278853,1.946156,0.4797781,-0.4730453,2.120661,0.4501614,-0.8300685,2.316003,0.4873319,-0.9084579,2.263825,0.4978909,0.3193366,1.66863,0.5553831,-0.2611807,1.358126,0.5486819,-0.1903379,1.4152,0.774619,0.05391854,1.352906,0.7883691,0.03607439,1.42675,
0.4357297,-0.1210602,1.94978,0.4761543,0.1260719,1.782762,0.5112649,0.3649719,1.60348,0.5609726,0.4752401,1.516247,0.377169,0.3019887,1.607022,0.3758487,0.04394383,1.519319,0.4809707,-0.1683769,1.417389,0.5334077,-0.2283101,1.390235,0.696635,0.2387088,1.68796,0.7647598,0.008071668,1.65644,0.7864718,0.0091514,1.410311,0.7883162,0.03562185,1.402862,0.361944,-0.1026234,1.894288,0.2784411,-0.4748705,2.097905,0.2038794,-0.8258476,2.320969,0.188937,-0.8948272,2.241633,0.4943763,-0.1354043,1.938043,0.4819595,-0.4754066,2.115067,0.4500757,-0.830634,2.314732,0.4874383,-0.9086272,2.263815,0.5033978,0.3065759,1.650374,0.5959907,-0.3031207,1.349085,0.6084075,-0.2571227,1.393667,0.7875623,0.01922623,1.335831,0.7925346,0.03548732,1.398667,
0.4425743,-0.1302979,1.9391,0.4807617,0.1175729,1.771274,0.5136122,0.3574897,1.591639,0.563455,0.4625895,1.49842,0.3797195,0.2929106,1.594286,0.3792445,0.03663573,1.509174,0.4866385,-0.1750694,1.40864,0.5399961,-0.2320604,1.375966,0.6980616,0.2326015,1.677068,0.768454,0.002419183,1.651501,0.7963257,0.08927224,1.422334,0.796339,0.03483488,1.410841,0.3680612,-0.1128695,1.882764,0.2689094,-0.488894,2.102462,0.2124405,-0.8445563,2.295262,0.2033926,-0.9139337,2.216134,0.5016174,-0.1433025,1.928379,0.4829156,-0.4758227,2.109919,0.4499871,-0.8319394,2.313005,0.4875714,-0.909173,2.26332,0.5063128,0.2988211,1.638581,0.5983653,-0.305764,1.331134,0.5977067,-0.2346763,1.377286,0.8079595,0.0120572,1.350791,0.78697,0.04422934,1.398,
0.4379209,-0.1362059,1.929908,0.4789397,0.1098656,1.760691,0.5148589,0.3475588,1.579149,0.5680795,0.4507773,1.486469,0.3831642,0.2867948,1.584691,0.3818789,0.02973574,1.49804,0.4957716,-0.1867608,1.394104,0.5490747,-0.2409142,1.364879,0.698302,0.2272464,1.668072,0.7730118,-0.0002224119,1.62726,0.7920082,-0.003360899,1.380909,0.7846895,0.0450396,1.405723,0.3623788,-0.1190923,1.8715,0.2632256,-0.4937478,2.101439,0.2122709,-0.8475873,2.277534,0.209516,-0.9212531,2.206373,0.4980212,-0.1485844,1.921135,0.4829153,-0.476671,2.108199,0.4503223,-0.8334473,2.31252,0.4878909,-0.9101438,2.262408,0.5067595,0.2894839,1.62661,0.614558,-0.3096021,1.33668,0.6257552,-0.2640983,1.381222,0.7833692,0.06219693,1.315796,0.7916543,0.04022037,1.3835,
0.4162032,-0.1337772,1.932521,0.4724051,0.1072163,1.757135,0.5146405,0.3389253,1.567748,0.5720494,0.4400534,1.474669,0.3841297,0.2772468,1.572586,0.3896938,0.01598925,1.483555,0.5414244,-0.2452381,1.357428,0.6024868,-0.3181416,1.340211,0.6993902,0.2239595,1.658289,0.7726215,-0.07119969,1.588851,0.8044114,0.1217469,1.441931,0.7875429,0.09973632,1.390894,0.3418722,-0.11925,1.876272,0.2596202,-0.4965469,2.099051,0.207242,-0.8476137,2.272283,0.2103667,-0.9215338,2.202188,0.4754203,-0.1434625,1.921523,0.4834552,-0.4774819,2.104722,0.4505212,-0.8341296,2.311584,0.4881738,-0.9107348,2.262089,0.5047339,0.2829778,1.618037,0.6307287,-0.4050401,1.312237,0.6698487,-0.2895104,1.380696,0.8066506,0.1896235,1.270198,0.7666141,0.05991064,1.419572,
0.4168803,-0.1336645,1.933021,0.4721449,0.106894,1.756763,0.5142431,0.3379059,1.566029,0.5698909,0.435575,1.466793,0.3843985,0.2740693,1.568048,0.3921391,0.01071861,1.476494,0.5443552,-0.250103,1.355097,0.6021696,-0.3124458,1.333083,0.6997955,0.2217349,1.652067,0.7712358,-0.07411018,1.586502,0.8002715,0.03184173,1.365772,0.781105,0.05190696,1.419007,0.3422062,-0.1194991,1.87689,0.2566211,-0.4979459,2.094837,0.205907,-0.8471379,2.270995,0.2106497,-0.9213022,2.201729,0.4769104,-0.1428123,1.922043,0.4835887,-0.47748,2.101135,0.4501635,-0.8343321,2.310498,0.4881657,-0.9108459,2.261951,0.5043831,0.2819297,1.616413,0.632021,-0.3950977,1.304186,0.6752115,-0.2881713,1.371684,0.7701765,0.0766855,1.385979,0.7775792,0.03593963,1.3912,
0.4167798,-0.132774,1.933452,0.4696772,0.1049141,1.75241,0.5098522,0.3277073,1.548959,0.5692956,0.4276577,1.4538,0.3840735,0.2664418,1.555851,0.3949222,0.004984515,1.468114,0.4960786,-0.19218,1.368582,0.5765634,-0.280425,1.333458,0.6985869,0.216862,1.640442,0.7593327,-0.04349831,1.573325,0.8090461,0.03361208,1.344559,0.7825679,0.140448,1.275452,0.3418344,-0.1191712,1.877146,0.2548123,-0.4989535,2.090199,0.2038486,-0.8459984,2.268618,0.2108341,-0.9208813,2.201547,0.4773485,-0.1410025,1.922786,0.4826534,-0.4760945,2.095983,0.44998,-0.8350071,2.310236,0.4882861,-0.9111797,2.261754,0.5005313,0.2738653,1.602619,0.6232535,-0.3650552,1.301094,0.5967051,-0.2788692,1.284909,0.7843915,0.2041342,1.230501,0.7600654,0.03983929,1.2955,
0.4149253,-0.1302407,1.934869,0.4666778,0.1033099,1.748834,0.5077108,0.3224656,1.541352,0.5671396,0.4221207,1.447101,0.3824894,0.262916,1.550113,0.3955832,0.002617804,1.463725,0.5383839,-0.2416779,1.351413,0.5992285,-0.3077372,1.324796,0.6970413,0.2147843,1.63395,0.7589859,-0.0511891,1.566371,0.8557646,0.03692077,1.358848,0.8518751,0.1197943,1.278935,0.3391697,-0.1170961,1.878289,0.2517644,-0.5094454,2.091903,0.2035952,-0.8456591,2.267604,0.2111723,-0.9207523,2.201216,0.476251,-0.1382239,1.924459,0.4810939,-0.4746151,2.093907,0.4497959,-0.8354505,2.310045,0.4830381,-0.9119713,2.260451,0.4981113,0.2692878,1.595646,0.6328781,-0.3938743,1.303188,0.6830651,-0.2878414,1.356546,0.8533925,0.1836151,1.234168,0.8286617,0.0195349,1.299402,
0.4138905,-0.1399459,1.923593,0.4623054,0.09324963,1.734741,0.5045695,0.3190064,1.534581,0.5636382,0.4199509,1.442541,0.3795261,0.258782,1.543903,0.395059,0.0003718759,1.460094,0.4984291,-0.1968857,1.363451,0.5766651,-0.2814096,1.329157,0.6956158,0.2116586,1.628741,0.7711077,-0.03785633,1.546187,0.7826489,0.03571175,1.44131,0.7963382,0.05537873,1.384997,0.3375898,-0.1290441,1.867071,0.2508965,-0.5111573,2.090662,0.2034289,-0.8459352,2.267606,0.2112101,-0.9209572,2.201112,0.4756144,-0.1460896,1.912779,0.4794389,-0.4745435,2.092587,0.4491639,-0.8359853,2.309182,0.4836981,-0.9126725,2.259741,0.4947453,0.2642245,1.586986,0.6242542,-0.3635642,1.295633,0.6101545,-0.2590443,1.321158,0.7739511,0.037373,1.319343,0.7951752,0.0499091,1.3625,
0.409391,-0.1358146,1.925478,0.4592606,0.09341872,1.733464,0.500066,0.3148278,1.527889,0.558411,0.4173855,1.436806,0.3762489,0.2573316,1.539442,0.3928404,-0.001144193,1.456207,0.4980047,-0.1987738,1.362674,0.5580029,-0.2632014,1.33427,0.6902201,0.208678,1.622812,0.7561643,-0.02161476,1.58096,0.8010333,-0.2030094,1.423399,0.7914267,0.04307307,1.382773,0.3320965,-0.1246082,1.868422,0.2494363,-0.5116454,2.085145,0.203254,-0.8463436,2.267416,0.2112436,-0.9209042,2.199883,0.472069,-0.1422342,1.915221,0.4759161,-0.4728492,2.089038,0.4489741,-0.836058,2.308969,0.4835441,-0.9126579,2.257837,0.4907481,0.2613534,1.58198,0.6065034,-0.3544346,1.311534,0.5822717,-0.2263506,1.328,0.7748544,0.08020564,1.380451,0.7760396,0.01218263,1.3325,
0.4053799,-0.150813,1.907864,0.4524387,0.08602171,1.722383,0.4936534,0.3130457,1.522601,0.5544836,0.4146926,1.430531,0.3730989,0.2573116,1.536989,0.3892018,-0.00286061,1.453499,0.4974427,-0.1998881,1.362598,0.5550401,-0.2644853,1.336452,0.687285,0.2075005,1.621383,0.7488284,-0.09870266,1.57925,0.8251141,-0.2067975,1.372625,0.7996982,0.04359244,1.417842,0.3284017,-0.1403264,1.852366,0.2475471,-0.5060518,2.075331,0.2033991,-0.8456673,2.26659,0.2111775,-0.9205323,2.199715,0.4679049,-0.1559567,1.896147,0.4733255,-0.4715943,2.086443,0.448363,-0.8363788,2.308357,0.4839106,-0.9130586,2.257834,0.4841289,0.2580839,1.575076,0.6064012,-0.3551772,1.312936,0.5940564,-0.2977703,1.272074,0.8240501,0.06570277,1.390809,0.8176457,0.06519213,1.38,
0.3897974,-0.1340657,1.919089,0.4427379,0.09074164,1.722626,0.4843709,0.3129365,1.516844,0.5487744,0.4142672,1.426724,0.3666956,0.2563925,1.533514,0.3811841,-0.003341702,1.450652,0.4937319,-0.1993728,1.363346,0.5504117,-0.2645283,1.334713,0.6814719,0.2069945,1.618564,0.7542286,-0.02194429,1.586041,0.7999705,-0.201859,1.426983,0.7863181,0.02673746,1.401705,0.3117523,-0.1232235,1.861977,0.2510803,-0.4945993,2.060248,0.2033428,-0.8459375,2.266066,0.2109808,-0.9208647,2.199317,0.4539111,-0.1400678,1.908938,0.4716467,-0.4720302,2.085492,0.4475068,-0.8373956,2.307273,0.4841163,-0.9131998,2.257463,0.4752728,0.2588831,1.570832,0.6036975,-0.3497509,1.307037,0.5842526,-0.2418667,1.318727,0.7574047,0.02263522,1.322911,0.7500268,-0.03229254,1.362541,
0.379188,-0.1301944,1.908276,0.4324337,0.09323576,1.717398,0.4777992,0.3126156,1.515163,0.5396649,0.4157208,1.423755,0.3598351,0.257912,1.531761,0.365279,-0.0005471469,1.450596,0.4853379,-0.1933788,1.366626,0.5417192,-0.259866,1.338382,0.6775198,0.2059895,1.618255,0.7452659,-0.0923987,1.575991,0.8324156,-0.2161351,1.383625,0.7877482,0.02027766,1.377282,0.2966062,-0.1062366,1.839886,0.2527497,-0.4896147,2.054216,0.2031323,-0.8469684,2.266005,0.2111036,-0.9216348,2.198758,0.4456165,-0.1435684,1.903913,0.4694253,-0.4725626,2.082962,0.4471679,-0.8377013,2.306693,0.4843282,-0.9134229,2.257122,0.4676078,0.2590191,1.568168,0.5978551,-0.342826,1.307889,0.5864601,-0.2444103,1.321185,0.779284,0.009397906,1.321832,0.7744498,0.004488295,1.301,
0.3700041,-0.1440777,1.886141,0.4232129,0.08976606,1.709266,0.4684388,0.3133584,1.51394,0.5305662,0.4184323,1.421475,0.349694,0.2605248,1.531798,0.3509541,-0.0004498901,1.454292,0.4682483,-0.1963578,1.373785,0.5337812,-0.258793,1.347626,0.6695954,0.2067203,1.619143,0.7446178,-0.02198281,1.608552,0.7729356,0.09996603,1.396395,0.8040911,0.1056149,1.339001,0.291479,-0.1175839,1.820214,0.254696,-0.4816957,2.044858,0.203383,-0.8445293,2.263958,0.2108053,-0.9203935,2.199502,0.4344454,-0.1636899,1.884172,0.4676219,-0.4744165,2.080533,0.4464237,-0.8375992,2.306118,0.4844428,-0.9135154,2.25705,0.4584551,0.2588324,1.565319,0.5945403,-0.3419093,1.319908,0.5880769,-0.2532397,1.32235,0.8143418,0.1952354,1.284032,0.7826928,0.04443758,1.351,
0.3615411,-0.1528563,1.875946,0.4134427,0.08668748,1.702835,0.458451,0.3159575,1.513237,0.5205647,0.422668,1.420605,0.3357903,0.2646232,1.532375,0.3305435,-0.003225787,1.46222,0.4554705,-0.1944589,1.382038,0.5204443,-0.2540436,1.360053,0.6588345,0.2090327,1.622617,0.7425016,-0.01636702,1.613882,0.7847176,0.09634951,1.399065,0.805073,0.07358447,1.373701,0.2843136,-0.125841,1.809526,0.2577962,-0.4692284,2.0279,0.2032579,-0.8446022,2.26382,0.2107415,-0.9204811,2.199426,0.4251786,-0.173723,1.87467,0.4639854,-0.4767083,2.077005,0.4453653,-0.8386325,2.305467,0.4844699,-0.9135507,2.256847,0.4486293,0.2600232,1.563112,0.5794837,-0.3270971,1.320372,0.566061,-0.2770799,1.2786,0.7957671,0.1941563,1.278588,0.7821469,0.04702609,1.351519,
0.3401397,-0.1549155,1.875895,0.4002567,0.08628441,1.701462,0.4524206,0.3174687,1.512949,0.509434,0.4261726,1.421821,0.3354025,0.2644486,1.53233,0.2969547,0.00204112,1.481324,0.4188747,-0.194329,1.410078,0.5094311,-0.2595971,1.378823,0.6472446,0.2144008,1.628805,0.7319599,-0.009038121,1.639907,0.7824166,0.07498521,1.413806,0.787019,0.06127003,1.423678,0.2677832,-0.1284327,1.807977,0.2576682,-0.4652795,2.019963,0.2025613,-0.8423086,2.262432,0.2106266,-0.9190034,2.200411,0.3995107,-0.1754001,1.876577,0.4594018,-0.480166,2.074511,0.4449611,-0.8391631,2.303786,0.4853705,-0.9140464,2.256986,0.4407466,0.261189,1.562433,0.5728176,-0.3361819,1.346544,0.5409561,-0.2596206,1.313571,0.8112464,0.07388319,1.402874,0.7667193,0.05614173,1.408333,
0.3009586,-0.140848,1.884526,0.3812539,0.09174255,1.7042,0.4474669,0.3189262,1.513406,0.4996232,0.4298677,1.422263,0.3341106,0.2644923,1.532417,0.2636059,0.01391401,1.501347,0.4433092,-0.2349118,1.419382,0.4967612,-0.2734025,1.401526,0.6467333,0.2147871,1.629048,0.7197552,-0.006941225,1.671279,0.7756959,0.06285314,1.441603,0.7946703,0.1187416,1.344067,0.2361846,-0.1190651,1.817858,0.2564083,-0.4645654,2.015888,0.2017529,-0.8422285,2.261776,0.2103786,-0.9190964,2.200468,0.35436,-0.1569816,1.882966,0.4551569,-0.4828372,2.072361,0.4448355,-0.8395405,2.303455,0.48537,-0.9140762,2.256952,0.432864,0.2633408,1.563182,0.5536573,-0.3495941,1.389375,0.5599465,-0.2667091,1.39425,0.8182089,0.1882575,1.284526,0.7693429,0.08222824,1.3505,
0.2976383,-0.1462156,1.886679,0.3685082,0.09065461,1.708146,0.4258266,0.3246396,1.518742,0.4885564,0.435046,1.42448,0.3025054,0.2668654,1.539131,0.2444836,0.007548403,1.516936,0.3523301,-0.2023946,1.46729,0.4429387,-0.2619405,1.438374,0.622374,0.2294749,1.64256,0.7133234,-0.006320247,1.689182,0.7936828,0.01521641,1.415261,0.7822132,0.06323013,1.422451,0.2317305,-0.1253744,1.820619,0.2594337,-0.4637309,2.012264,0.2012737,-0.8411717,2.260252,0.2103493,-0.9185591,2.200685,0.3521998,-0.1616286,1.884786,0.4472685,-0.4975407,2.07428,0.4444035,-0.8398281,2.302412,0.4853326,-0.9140758,2.256978,0.4126343,0.2671585,1.568254,0.5109392,-0.3404264,1.432474,0.4793506,-0.2413089,1.414389,0.808879,0.05454348,1.398879,0.8092614,0.03442546,1.416741,
0.3479278,-0.1188887,1.931355,0.3757285,0.1021318,1.724388,0.4185478,0.3262253,1.520546,0.4764244,0.4406015,1.428537,0.2955095,0.2659622,1.540922,0.211689,0.002736268,1.540185,0.3283415,-0.2025862,1.491335,0.4043089,-0.2706813,1.476186,0.6131732,0.2309754,1.647416,0.700062,-0.004777849,1.724995,0.7753647,0.05150627,1.433212,0.7720666,0.05014621,1.370846,0.2648339,-0.1095097,1.869267,0.2616057,-0.4655019,2.012176,0.2006016,-0.8412379,2.260204,0.209631,-0.9190239,2.201905,0.4187021,-0.1240949,1.92583,0.4420245,-0.4990781,2.070577,0.4440143,-0.8397345,2.302003,0.4844463,-0.9125744,2.256389,0.4087526,0.2697194,1.571466,0.482042,-0.3479629,1.480919,0.4395325,-0.2492251,1.463923,0.7644265,0.03656876,1.302842,0.7642766,0.0626126,1.411,
0.3434317,-0.1269848,1.92533,0.3745501,0.1023915,1.725024,0.4058499,0.3316427,1.523617,0.4659216,0.4432263,1.431308,0.2838386,0.2632707,1.543366,0.1917935,-0.0001207347,1.554429,0.2869748,-0.2193623,1.532845,0.3579651,-0.2805193,1.51924,0.6034285,0.2339612,1.653586,0.6770204,0.01545602,1.769598,0.749876,0.07395561,1.491834,0.7957952,0.1007718,1.461474,0.2608756,-0.1176545,1.862252,0.2571059,-0.4674347,2.009508,0.2002939,-0.8422796,2.25985,0.2091008,-0.9201139,2.201666,0.4137745,-0.1319096,1.92071,0.4361272,-0.5062973,2.070267,0.4435585,-0.8401797,2.301247,0.484469,-0.9127696,2.25555,0.3995489,0.2742533,1.574892,0.4279146,-0.3588755,1.535317,0.3933949,-0.2872451,1.470572,0.7882676,0.08693671,1.393428,0.7851912,0.09942896,1.442,
0.4000903,-0.1653881,1.840294,0.3911293,0.09231932,1.696821,0.3976462,0.33399,1.525601,0.4597017,0.4451199,1.433199,0.2728851,0.2617832,1.547429,0.1653673,0.006244701,1.575709,0.2457657,-0.2190477,1.572313,0.3070306,-0.2888462,1.567292,0.5932354,0.2388374,1.660472,0.6664026,0.01450468,1.786147,0.7475334,0.07366006,1.49595,0.79072,0.08087358,1.376739,0.3063593,-0.1505377,1.759619,0.2447596,-0.4831218,2.010986,0.2003777,-0.8449593,2.26076,0.2089584,-0.9225667,2.20184,0.4790071,-0.1741931,1.853978,0.4288438,-0.557173,2.093137,0.4416124,-0.8461501,2.304982,0.4849877,-0.9134431,2.258272,0.3970978,0.2748537,1.574021,0.3601492,-0.3699232,1.586386,0.348363,-0.3082753,1.524333,0.8059991,0.05503752,1.315716,0.7599061,0.1048976,1.41,
0.3969887,-0.1653902,1.842784,0.3903697,0.09208276,1.696967,0.3889591,0.3357559,1.529393,0.4468464,0.4488286,1.438388,0.2626716,0.2602961,1.552308,0.1528808,0.003477709,1.591656,0.2048734,-0.2272691,1.616664,0.2614289,-0.300865,1.618986,0.5844259,0.2421384,1.66634,0.6547133,0.01821218,1.812213,0.6902795,-0.2157324,1.770316,0.6911835,-0.2609124,1.762965,0.3032831,-0.1503994,1.762548,0.2259113,-0.5134255,2.028068,0.2002382,-0.8449726,2.260709,0.2089764,-0.9226977,2.20224,0.4759906,-0.1743301,1.856047,0.4498304,-0.4782565,2.03471,0.4318833,-0.8354997,2.301849,0.4830418,-0.9115544,2.261181,0.3913251,0.2757567,1.575162,0.2924869,-0.3846086,1.645373,0.3041049,-0.3008014,1.622616,0.6813798,-0.3185796,1.756509,0.6799495,-0.2350735,1.7075,
0.3931792,-0.164359,1.844723,0.3873979,0.09317007,1.697862,0.3799221,0.3407327,1.534022,0.440476,0.4527956,1.441403,0.2543,0.2609713,1.556313,0.1474273,0.005674287,1.607896,0.175476,-0.2249857,1.653632,0.2035134,-0.2845657,1.662554,0.5750758,0.2463435,1.670408,0.6435437,0.02059504,1.828634,0.6725,-0.2158139,1.800786,0.6669572,-0.2602034,1.803391,0.3003273,-0.1527933,1.771795,0.2231804,-0.5193825,2.033054,0.2011481,-0.8448684,2.260852,0.2089299,-0.922683,2.202287,0.4670097,-0.1685562,1.852553,0.4390039,-0.4665746,2.029756,0.4201977,-0.8345029,2.306098,0.4748542,-0.9057367,2.272118,0.3833046,0.2798078,1.577947,0.2347579,-0.3880796,1.691445,0.2352369,-0.2696646,1.655375,0.6548124,-0.3162882,1.807826,0.6533142,-0.2488138,1.75375,
0.3797361,-0.1620875,1.851501,0.3776594,0.09637235,1.703542,0.370684,0.3463432,1.542293,0.4307937,0.4602493,1.449026,0.2466489,0.2642148,1.563907,0.1352402,0.008380663,1.633391,0.1430139,-0.2198396,1.693342,0.1680807,-0.3025892,1.716293,0.5668108,0.2517406,1.676376,0.6346934,0.03160242,1.842723,0.646172,-0.2059487,1.855984,0.6472846,-0.2504399,1.848452,0.2908922,-0.1530292,1.78233,0.241293,-0.5126072,2.033795,0.1991785,-0.8464435,2.261977,0.2094558,-0.9235016,2.20209,0.4527677,-0.1646258,1.854176,0.4318797,-0.4622337,2.028675,0.3906423,-0.8151967,2.327815,0.4539851,-0.8841889,2.30715,0.3734018,0.2850294,1.585148,0.1822286,-0.3893163,1.744352,0.2068491,-0.2901487,1.717182,0.639424,-0.3178111,1.858905,0.6294265,-0.260325,1.796571,
0.3675318,-0.1639704,1.859784,0.3687221,0.09854467,1.710136,0.3642635,0.3522002,1.54853,0.4259027,0.4658788,1.453661,0.2414336,0.267981,1.568886,0.1237858,0.01239694,1.645778,0.1189088,-0.2113539,1.718747,0.1284405,-0.2984432,1.754805,0.5578366,0.257475,1.679954,0.6273121,0.03470709,1.851545,0.6364315,-0.2010994,1.878819,0.6293113,-0.242517,1.882097,0.2792825,-0.1601548,1.800225,0.2372268,-0.4872047,2.012878,0.1987796,-0.8465725,2.262373,0.2094781,-0.9234341,2.202071,0.439962,-0.1630815,1.855855,0.4270883,-0.4589028,2.029145,0.3646176,-0.8030635,2.340482,0.4324294,-0.874238,2.319654,0.3662771,0.2900276,1.5912,0.13716,-0.3923352,1.791249,0.1737573,-0.2990139,1.7674,0.6237999,-0.3127548,1.895912,0.6103781,-0.2564031,1.835375,
0.3573793,-0.1640366,1.866098,0.3613288,0.1015463,1.716276,0.3597746,0.3583431,1.554787,0.4195288,0.4754715,1.463666,0.2356519,0.2731399,1.575802,0.1149291,0.02093938,1.660104,0.09911407,-0.1977321,1.745215,0.09916797,-0.2849064,1.788165,0.5513766,0.2624123,1.682837,0.6203784,0.03532992,1.862128,0.6214518,-0.1953388,1.913956,0.6162882,-0.2404227,1.915698,0.2716267,-0.1614681,1.807359,0.2364164,-0.4860203,2.013576,0.198738,-0.8466356,2.262226,0.2099663,-0.9230123,2.200727,0.4296821,-0.1613371,1.858962,0.4202542,-0.4541973,2.03241,0.3530048,-0.7978602,2.350129,0.4112462,-0.8586557,2.339151,0.3609904,0.295413,1.597289,0.09846531,-0.3647774,1.818135,0.1351678,-0.3545636,1.7706,0.6007959,-0.3105667,1.938796,0.5973353,-0.2514648,1.869913,
0.3539523,-0.1612684,1.87358,0.3569682,0.1063601,1.724918,0.355524,0.3654294,1.564056,0.4171361,0.4792291,1.470324,0.2310755,0.2779573,1.582898,0.1063314,0.02572577,1.677568,0.07899361,-0.1982196,1.785428,0.07181796,-0.2670905,1.820965,0.5481731,0.267992,1.691531,0.611901,0.02931813,1.879289,0.613712,-0.2001794,1.934907,0.6076096,-0.2399601,1.944766,0.2694153,-0.1591064,1.816455,0.2340328,-0.486309,2.017995,0.1989654,-0.8468494,2.261765,0.2097417,-0.9232813,2.200239,0.425588,-0.1581396,1.864282,0.4150671,-0.4441052,2.034065,0.3405662,-0.7867405,2.364085,0.3895773,-0.8464819,2.365227,0.3565715,0.3020133,1.606423,0.06518035,-0.3448789,1.855641,0.1040281,-0.3347543,1.8205,0.5995605,-0.305134,1.964007,0.5862707,-0.2525643,1.8994,
0.3493733,-0.1586727,1.878467,0.3528548,0.1107233,1.731481,0.3525098,0.3718661,1.572611,0.4147155,0.4842505,1.478442,0.2279838,0.281711,1.58983,0.1024576,0.03986968,1.688362,0.06675303,-0.1783033,1.800127,0.0509273,-0.2484222,1.846363,0.5452483,0.2705188,1.697553,0.6034808,0.02681276,1.88786,0.6129956,-0.2018263,1.945154,0.5960428,-0.2284064,1.964104,0.2647784,-0.1555902,1.823031,0.2347786,-0.4856701,2.020795,0.19896,-0.8462641,2.26093,0.209531,-0.9229645,2.200094,0.4213607,-0.156267,1.867342,0.4121917,-0.4400582,2.040027,0.3297472,-0.7776197,2.382429,0.3768649,-0.8419424,2.376222,0.353207,0.3079344,1.614417,0.051027,-0.3261146,1.895277,0.08061678,-0.2958111,1.850235,0.5797337,-0.2999952,1.994451,0.5035041,-0.1945701,1.922786,
0.3541464,-0.1483308,1.895785,0.3537926,0.1185336,1.7443,0.3509073,0.3773813,1.581545,0.4126433,0.4890231,1.48693,0.2251291,0.2847187,1.597088,0.1009305,0.04773771,1.695804,0.05714139,-0.1721456,1.817171,0.03651717,-0.2370914,1.870116,0.5461787,0.2697567,1.696758,0.6017177,0.02822402,1.890288,0.6058797,-0.1968665,1.959009,0.5956255,-0.23683,1.982566,0.2695337,-0.1448797,1.840497,0.2382883,-0.4822365,2.022658,0.1989125,-0.8459096,2.260341,0.2091573,-0.9228274,2.199625,0.4259526,-0.146777,1.883581,0.4056607,-0.436847,2.047882,0.3280729,-0.7761623,2.389637,0.3757017,-0.840802,2.381567,0.3521305,0.3140149,1.624246,0.02826997,-0.311005,1.933414,0.06651504,-0.2715124,1.872611,0.5838327,-0.3020652,2.005672,0.5733274,-0.2568903,1.944667,
0.3609941,-0.1414075,1.907782,0.3573946,0.1250537,1.754972,0.3513971,0.3830896,1.590366,0.4114968,0.4939986,1.497126,0.2239449,0.2903516,1.607407,0.09889828,0.05700637,1.708982,0.0497514,-0.1648484,1.834401,0.0289131,-0.2281343,1.887963,0.542483,0.2769152,1.711426,0.6026286,0.03150514,1.899225,0.6117685,-0.1833751,1.991436,0.5868769,-0.2513415,2.006802,0.2761948,-0.139166,1.851594,0.2386571,-0.4765056,2.021697,0.1986335,-0.8438177,2.259835,0.2091491,-0.9228286,2.199514,0.43291,-0.1386382,1.896638,0.4027772,-0.4309813,2.057334,0.3274006,-0.7749254,2.395119,0.3745984,-0.8380002,2.392435,0.3533633,0.3199678,1.633559,0.02167359,-0.2996538,1.953553,0.0584728,-0.2513932,1.882658,0.575237,-0.296373,2.023977,0.4886477,-0.2358982,1.949,
0.3604497,-0.1383085,1.912841,0.3577604,0.1293437,1.761888,0.3525463,0.3885354,1.599098,0.4128698,0.4991151,1.506298,0.2233123,0.2956633,1.617926,0.09802202,0.06295323,1.722295,0.04627874,-0.1608249,1.847479,0.02775084,-0.2242425,1.903209,0.5415391,0.2821115,1.718334,0.6031191,0.05785283,1.901151,0.5939674,-0.1581941,1.992049,0.592579,-0.236983,2.011889,0.2758063,-0.1350521,1.856982,0.2384122,-0.4748421,2.022454,0.1982339,-0.8444819,2.259297,0.2091253,-0.9236792,2.198906,0.4322741,-0.1365504,1.901345,0.3948818,-0.4192398,2.07445,0.3260344,-0.778542,2.398,0.3339599,-0.8613468,2.358945,0.3543441,0.325154,1.641868,0.01497839,-0.2946368,1.969936,0.06502657,-0.2134144,1.88632,0.5797207,-0.29879,2.030273,0.5698893,-0.2353282,2.0475,
0.3616661,-0.1337111,1.923827,0.3593076,0.1341564,1.771815,0.3540293,0.3933238,1.607673,0.4152246,0.5039285,1.517109,0.2246716,0.3001137,1.627615,0.09851125,0.06767543,1.733785,0.04528261,-0.1596612,1.857539,0.03037626,-0.2212647,1.909504,0.5417964,0.2855123,1.727295,0.6014467,0.04886993,1.910615,0.6015418,-0.1702904,1.99465,0.5914616,-0.2436173,2.024711,0.2774294,-0.1296289,1.867703,0.2364995,-0.4734544,2.023635,0.1978021,-0.8444111,2.259346,0.2092155,-0.9236315,2.199037,0.4331065,-0.1330186,1.91252,0.3942068,-0.4172176,2.08354,0.3244464,-0.7759452,2.407534,0.3335194,-0.8574582,2.359215,0.3558732,0.3299687,1.650794,0.02387502,-0.2908461,1.96349,0.06361835,-0.2241783,1.899485,0.5766608,-0.2994871,2.041982,0.5668721,-0.2347629,2.049561,
0.3666089,-0.1272146,1.9382,0.3633638,0.1395598,1.783701,0.3571024,0.3977294,1.617234,0.4177935,0.5068995,1.525147,0.2264035,0.3048483,1.636728,0.1006224,0.069476,1.744961,0.04771191,-0.1577703,1.862319,0.03736244,-0.2205823,1.910291,0.542097,0.2878724,1.734402,0.6006815,0.05579054,1.911077,0.5726114,-0.1554822,2.008839,0.5898658,-0.2380765,2.027637,0.282062,-0.1235787,1.882505,0.2345541,-0.47247,2.025832,0.1981498,-0.8442328,2.258207,0.2092175,-0.9238127,2.197859,0.4382604,-0.1264013,1.926404,0.3937313,-0.407447,2.100931,0.3217825,-0.7740627,2.416061,0.3330733,-0.8553565,2.359207,0.3591972,0.3346142,1.660922,0.03284954,-0.2939026,1.972259,0.05732838,-0.2588842,1.930769,0.5714266,-0.2935039,2.040945,0.570206,-0.2336265,2.055956,
0.365089,-0.123746,1.941976,0.3637833,0.1435853,1.788822,0.3599591,0.402622,1.624325,0.4207477,0.5120091,1.53329,0.2264112,0.3044991,1.636109,0.1028426,0.0727718,1.756044,0.05052178,-0.1570526,1.865311,0.04815695,-0.2211314,1.90952,0.5429909,0.2886652,1.738074,0.5996683,0.05865297,1.912979,0.5739641,-0.1536004,2.009377,0.5882076,-0.2354919,2.031828,0.2806537,-0.1215777,1.885782,0.2316629,-0.4727212,2.03182,0.1982097,-0.8441393,2.258192,0.2092627,-0.9238141,2.197451,0.4366957,-0.1212126,1.930769,0.3949454,-0.3989864,2.109958,0.3211687,-0.7714478,2.418208,0.3330678,-0.8550383,2.359057,0.3613838,0.3392721,1.667467,0.04725392,-0.2950413,1.960474,0.08854327,-0.1724732,1.889583,0.5741006,-0.2956483,2.043913,0.5596721,-0.2386277,2.059043,
0.3631337,-0.1192302,1.948786,0.3650534,0.1481578,1.796689,0.3646277,0.4072749,1.633495,0.4247391,0.5161237,1.541451,0.2319354,0.3150105,1.652757,0.1064266,0.07531044,1.763936,0.05535064,-0.1567231,1.867049,0.06246141,-0.2172725,1.902336,0.5437652,0.2897878,1.741664,0.5938578,0.04687554,1.927551,0.5533237,-0.1618342,2.026559,0.5850052,-0.241904,2.036494,0.2776993,-0.1173007,1.893139,0.2293865,-0.4742745,2.038306,0.1988157,-0.8456601,2.257379,0.2095247,-0.9249899,2.19585,0.4357773,-0.1168164,1.936966,0.3881828,-0.4130983,2.146716,0.3192963,-0.7693478,2.421266,0.3328925,-0.8550317,2.35842,0.365187,0.343913,1.676306,0.06495849,-0.2960282,1.954017,0.1026723,-0.1570128,1.886778,0.5680232,-0.2924004,2.047477,0.5385631,-0.2639412,2.048445,
0.3614686,-0.1137546,1.960243,0.3656649,0.1532951,1.806082,0.3666381,0.4117794,1.640514,0.4287947,0.5204574,1.548766,0.2338954,0.3206795,1.660295,0.1104764,0.0781564,1.770119,0.07582624,-0.13554,1.860874,0.0792295,-0.2204174,1.897468,0.5457863,0.2940942,1.756384,0.5914502,0.04485533,1.932596,0.5406617,-0.1585724,2.037298,0.5770957,-0.2434582,2.040828,0.2756714,-0.1122165,1.904701,0.2265249,-0.4745762,2.044436,0.1989606,-0.8455012,2.257411,0.2095612,-0.9254219,2.195334,0.4346447,-0.111296,1.948184,0.3863349,-0.415074,2.151093,0.3193887,-0.7667731,2.425179,0.3683038,-0.8343388,2.398692,0.3669373,0.3485859,1.683919,0.08092568,-0.299234,1.947543,0.1185706,-0.1700932,1.904,0.566592,-0.290934,2.047428,0.5189362,-0.2571349,2.045773,
0.3615126,-0.1108859,1.968582,0.3668341,0.1565711,1.813036,0.3686993,0.4153302,1.645981,0.4314623,0.5249498,1.55646,0.2349349,0.3244868,1.665563,0.1120723,0.080368,1.772029,0.08016264,-0.1355844,1.858975,0.09267019,-0.2221601,1.887433,0.5467837,0.2971756,1.763229,0.5903847,0.04595038,1.935597,0.5332019,-0.1591508,2.034534,0.5757481,-0.2386422,2.039443,0.2767574,-0.1081742,1.91283,0.2241653,-0.4730503,2.048295,0.1989799,-0.8455175,2.257421,0.2093305,-0.9262263,2.192463,0.4337225,-0.109657,1.956968,0.3822856,-0.4211658,2.165074,0.3168393,-0.7637948,2.421763,0.3659816,-0.8309505,2.398563,0.3688044,0.3520769,1.689764,0.1000964,-0.3017652,1.930638,0.1335634,-0.2120627,1.91,0.5656939,-0.2935541,2.045505,0.5184814,-0.2533108,2.047765,
0.3625032,-0.1070294,1.973177,0.368039,0.1603833,1.818532,0.3701211,0.4189737,1.652159,0.4331783,0.5273177,1.560871,0.2357427,0.3292724,1.670421,0.1141205,0.08225408,1.773672,0.08951786,-0.1381984,1.852586,0.1082709,-0.222338,1.873718,0.5467923,0.3010316,1.769065,0.5896215,0.04956948,1.93816,0.5333626,-0.1571986,2.034468,0.5723194,-0.2376674,2.038879,0.2776792,-0.1045373,1.91655,0.2220357,-0.4713034,2.052165,0.1989745,-0.8455198,2.257427,0.2084132,-0.9268633,2.19119,0.4347704,-0.105817,1.962383,0.3805528,-0.4210202,2.166583,0.3102293,-0.7700481,2.414528,0.3659845,-0.8309188,2.398602,0.3701779,0.3557731,1.695799,0.1176335,-0.3081035,1.916301,0.1448709,-0.1928936,1.8862,0.557603,-0.2941794,2.048018,0.5101486,-0.2464802,2.044455,
0.3593659,-0.1063055,1.974771,0.3664615,0.1623872,1.821456,0.3703074,0.4233495,1.657742,0.4333985,0.5306883,1.567694,0.2359995,0.3330355,1.675419,0.1146877,0.08278582,1.774569,0.1057311,-0.1456307,1.841996,0.1177572,-0.2121521,1.858903,0.5465881,0.3034503,1.775682,0.5887106,0.05418213,1.940763,0.5393479,-0.1537656,2.037965,0.5693411,-0.2340642,2.039402,0.2749031,-0.1027435,1.91822,0.2195564,-0.4697959,2.055271,0.1973276,-0.8459965,2.259274,0.2047799,-0.9260293,2.191786,0.4311055,-0.1061782,1.963964,0.3724475,-0.4278193,2.178492,0.3099799,-0.765561,2.417782,0.3652616,-0.8306694,2.398509,0.3698168,0.3594261,1.700575,0.1269386,-0.3094258,1.897634,0.1578981,-0.1859024,1.877167,0.5542379,-0.2963223,2.052452,0.5229045,-0.262825,2.053,
0.3582524,-0.1049903,1.976187,0.3656943,0.1652087,1.825434,0.3704089,0.4275402,1.664575,0.4335385,0.534635,1.574079,0.2357498,0.3373831,1.680548,0.1151352,0.08323224,1.775237,0.1103978,-0.1447246,1.837457,0.1274043,-0.209948,1.845805,0.5458727,0.3066749,1.782078,0.5864143,0.05712195,1.943976,0.540015,-0.1521522,2.039862,0.5674495,-0.2339803,2.042031,0.2738398,-0.1006405,1.919689,0.2166416,-0.4684717,2.060749,0.1916062,-0.8453925,2.267329,0.1952862,-0.9225546,2.198306,0.4300406,-0.1055439,1.965288,0.3713633,-0.4269021,2.181313,0.3087084,-0.7617078,2.418547,0.3635662,-0.8306496,2.399246,0.3696977,0.3633381,1.706734,0.1411472,-0.306251,1.881044,0.1714843,-0.2049381,1.866818,0.5487348,-0.2895219,2.049452,0.5437488,-0.2288268,2.072933,

